6.2470700000e+02 -1.0786859516e+03 3.2533200000e+02 -3.0292314496e+02 1.5738600000e+02 -1.0951502584e+02
-1.0786859516e+03 1.1590327470e+04 -5.2926936092e+02 3.8591285551e+03 -2.9059969550e+02 1.3470265176e+03
3.2533200000e+02 -5.2926936092e+02 9.0577700000e+02 -1.0644211462e+03 5.1527100000e+02 -4.3163756124e+02
-3.0292314496e+02 3.8591285551e+03 -1.0644211462e+03 7.1382487649e+03 -5.8563624862e+02 3.1686832548e+03
1.5738600000e+02 -2.9059969550e+02 5.1527100000e+02 -5.8563624862e+02 1.3751200000e+03 -1.2376356806e+03
-1.0951502584e+02 1.3470265176e+03 -4.3163756124e+02 3.1686832548e+03 -1.2376356806e+03 5.8647578622e+03
