2.8605203907e-02 -4.9392805903e-02 1.4896884776e-02 -1.3870787953e-02 7.2066722834e-03 -5.0146703096e-03
-4.9392805903e-02 5.3071868993e-01 -2.4235134217e-02 1.7670869579e-01 -1.3306499759e-02 6.1680064742e-02
1.4896884776e-02 -2.4235134217e-02 4.1475340887e-02 -4.8739623424e-02 2.3594152175e-02 -1.9764594367e-02
-1.3870787953e-02 1.7670869579e-01 -4.8739623424e-02 3.2685892980e-01 -2.6816162309e-02 1.4509334876e-01
7.2066722834e-03 -1.3306499759e-02 2.3594152175e-02 -2.6816162309e-02 6.2966459472e-02 -5.6671081013e-02
-5.0146703096e-03 6.1680064742e-02 -1.9764594367e-02 1.4509334876e-01 -5.6671081013e-02 2.6854604561e-01
